first order:

e = 1
weight: [-0.030129083743591557, -0.023592551532012472, 0.20359946401686058, -0.2223657123569071, -0.053427610599369575, 0.5098415114960058, -0.5554281699309873, 0.003398654672339754, 1.0867178818400562]
b: 1.7416458431857202
221455.9562830609

e = 0.1
weight: [-0.03011958336963185, -0.023612673279937827, 0.20361146234700603, -0.2223533924589713, -0.05345594957587094, 0.5098595663818661, -0.5554217961150657, 0.003379863983101447, 1.0867280613566832]
b: 1.741614749129318
221455.95628165695

second order:
[970.1267614596608, -512.4499158512115, 723.934727792943, -355.5761415342149, -2676.896147299003, 946.819443078818, 4998.278086370618, -2427.529530147627, 146.88733983384685, 375.29879732132395, -11582.27532455594, 6043.558690129015, 12741.041946922069, -7358.972105205142, 7948.145123602292, -4477.648151785674, -11219.898984702546, 6436.339380274978, -719.1780287087781]
weight: [0.035554625253427445, -0.0008992907422150625, -0.016159865535844514, 0.0001991011963065029, 0.03303280566199591, 0.0015516515585889197, -0.05134294591005071, -0.0017248741458973566, 0.029476623872807958, -0.0006344403901888979, 0.16647540168073593, 0.0034892216642432236, -0.2486880405537341, -0.0036503831443305723, 0.10891690496914043, -0.0009855792063341927, 0.8785318910663287, 0.002460254838725214]
b: 1.4542988379098643

loss = 227000+
w = [0.036827106799562255, -0.0009126207161856708, -0.015107342482020157, 0.00018866164030868112, 0.029707553028742333, 0.0015735847904258127, -0.04504047765108075, -0.0017829313777834278, 0.02943317607589518, -0.0006224449268305061, 0.151695705746776, 0.0036366715556852783, -0.2314774416514523, -0.003842869776956738, 0.11978288448802406, -0.0011052748636521843, 0.8623604754326452, 0.002645266749821128]
b = 1.4153487623801406

loss:  221392.65710602998
w = [-0.003519393971045334, -0.0005106569486722208, -0.009318808184649328, 0.00010289700941470915, 0.15777255317785738, 0.00041326580557319345, -0.2551176770035839, 0.00033133357701124587, 0.04868191185753653, -0.0009435464497847258, 0.4259345474678836, 0.0008232778485152537, -0.49431908991225365, -0.001013188359160925, 0.013141120037369773, 0.00011860840981109673, 1.0416445006787984, 0.0006006705628526118]
b = 1.6521092771025303

loss = 221169.67324706793
w = [-0.014473922439436388, -0.0003656978540107557, -0.0189915223385793, 0.00018783676027712436, 0.17646896954401625, 0.00021115645768276457, -0.24224830828625635, 0.00020123026380688052, 0.021853767172936835, -0.0006694021868275745, 0.44498848499931165, 0.0006206428085584915, -0.4837779332622526, -0.001133296434454586, 0.005557383587949349, 0.00018888374315533514, 1.032306003394789, 0.0007270470354740691]
b = 1.6847676839444448

loss = 221015.6774604012
w = [-0.0016230390578940213, -0.000495657828035502, -0.061436607989861745, 0.0006009968942855537, 0.2407135113239604, -0.00043117741809105514, -0.26628008931124764, 0.0004492938859242641, -0.03851846024982073, -4.9618677558315455e-05, 0.5294435557413414, -0.00023400460579756983, -0.5391920197794774, -0.0005488618372711694, 0.01199966004206157, 8.789064545346128e-05, 1.0456642605675257, 0.0005992070957424847]
b = 1.7044017191297431

3rd order
263344.7827022499
weight:  [0.04585533860191334, 0.006552716549903076, -8.120804715120626e-05, 0.04446749125074442, -0.004612204643310099, 4.159805740546363e-05, 0.04773493112952491, -0.0020201707937992316, 3.42417297603347e-05, 0.04644202404579598, -0.004032051524542142, 2.1991808607624977e-05, 0.04758202243627979, -0.004458581288049339, 3.2067622903531174e-05, 0.052270127040523126, 0.011872061727434737, -7.518900040198121e-05, 0.04038685044025064, -0.012595520600392946, 7.230271378424232e-05, 0.058556741639989765, -0.006192885660041174, 5.3191494420796614e-05, 0.289914290368677, 0.02702273124607806, -0.0002072555381747574]
b:  1.6453748248765698