first order:

e = 1
weight: [-0.030129083743591557, -0.023592551532012472, 0.20359946401686058, -0.2223657123569071, -0.053427610599369575, 0.5098415114960058, -0.5554281699309873, 0.003398654672339754, 1.0867178818400562]
b: 1.7416458431857202
221455.9562830609

e = 0.1
weight: [-0.03011958336963185, -0.023612673279937827, 0.20361146234700603, -0.2223533924589713, -0.05345594957587094, 0.5098595663818661, -0.5554217961150657, 0.003379863983101447, 1.0867280613566832]
b: 1.741614749129318
221455.95628165695